month	day	hour	PM2.5	PM10	SO2	NO2	CO	O3	TEMP
3	1	12	8	8	3	12	300	64	2.8
3	2	12	19	22	17	45	600	37	2.1
3	3	12	95	106	60	73	1700	28	11.8
3	4	12	3	7	5	15	500	83	13.4
3	5	12	127	147	76	68	1800	33	12.3
3	6	12	160	174	103	87	2700	61	9.7
3	7	12	263	264	134	138	3200	26	15.8
3	8	12	212	197	67	94	2100	98	17.7
3	9	12	NA	NA	NA	NA	NA	90	12.7
3	10	12	24	45	21	49	800	43	11.1
3	11	12	142	175	150	74	1800	68	9.3
3	12	12	128	96	12	61	1600	56	4.6
3	13	12	3	6	8	8	300	74	5.9
3	14	12	94	112	57	56	1300	83	6.5
3	15	12	251	270	94	102	2299	12	9.2
3	16	12	199	141	85	70	1600	58	14.6
3	17	12	235	270	112	90	2500	105	12.5
3	18	12	10	6	3	9	300	107	10.3
3	19	12	34	37	3	20	600	48	3.8
3	20	12	32	6	4	52	800	43	3.9
3	21	12	99	115	54	47	1399	42	6.8
3	22	12	43	121	28	28	800	55	8.8
3	23	12	65	67	63	49	1600	36	5.5
3	24	12	4	6	3	10	300	76	7.2
3	25	12	91	101	55	56	NA	46.6956	8.6
3	26	12	218	230	53	76	1600	21	10.5
3	27	12	174	177	43	42	1300	61	17.5
3	28	12	12	43	3	20	400	67	10.7
3	29	12	47	29	23	38	2000	60	9
3	30	12	68	88	56	33	1500	72	9.7
3	31	12	170	180	5	40	1100	21	6.3
4	1	12	174	132	39	61	2000	49	14.1
4	2	12	159	187	45	102	1899	44	15.4
4	3	12	149	202	42	45	1800	127	18.9
4	4	12	66	99	69	69	2299	34	10.6
4	5	12	35	35	4	32	1200	45	13.9
4	6	12	12	12	3	15	300	82	12.7
4	7	12	62	79	38	37	1300	62	13.1
4	8	12	14	56	4	17	500	52	11.4
4	9	12	10	11	3	10	600	80	11.4
4	10	12	11	11	3	12	900	60.4044	11.8
4	11	12	11	5	3	9	NA	92.9628	15
4	12	12	70	84	23	79	1600	44	17.6
4	13	12	75	114	28	41	1500	79	23.6
4	14	12	14	29	4	25	300	70	14.8
4	15	12	89	155	102	50	2399	84	18
4	16	12	43	153	20	16	600	106	19.7
4	17	12	36	54	33	22	800	89	15
4	18	12	5	13	3	6	300	85	12.5
4	19	12	48	65	7	38	800	43	8.2
4	20	12	73	78	14	31	900	88	15.2
4	21	12	157	168	28	60	1300	67	16.2
4	22	12	162	170	45	43	1200	68	14.4
4	23	12	225	201	22	53	1399	21	13.2
4	24	12	53	61	14	42	900	53	24.2
4	25	12	7	41	3	13	400	54	20.3
4	26	12	67	109	24	56	700	74	23
4	27	12	36	76	35	21	1000	115	22.8
4	28	12	85	147	74	37	2200	115	17.3
4	29	12	8	35	3	14	400	96	26.7
4	30	12	10	16	3	9	300	111	26.2
5	1	12	20	54	13	33	700	87	22.8
5	2	12	68	110	36	30	1300	127	22
5	3	12	54	66	16	20	900	129	21
5	4	12	96	148	39	32	900	120	23.7
5	5	12	160	189	60	32	1300	162	25.7
5	6	12	272	276	36	42	1600	200	28.4
5	7	12	198	263	29	67	1500	106	27.8
5	8	12	133	225	123	57	2700	115	23.4
5	9	12	21	37	7	25	400	92	18.4
5	10	12	26	98	3	12	300	101	28.1
5	11	12	21	56	3	25	400	76	32.4
5	12	12	13	55	4	10	300	99	28.3
5	13	12	48	106	49	24	1300	132	26
5	14	12	28	114	3	8	300	105	28.5
5	15	12	64	150	71	31	1600	130	26.4
5	16	12	49	58	30	43	NA	125.9496	25.1
5	17	12	94	108	49	41	1399	84	22
5	18	12	175	112	34	34	1200	108	23.2
5	19	12	118	143	13	31	800	62	25
5	20	12	59	64	6	29	400	87	27.2
5	21	12	86	136	30	21	700	156	27.6
5	22	12	88	219	65	34	1800	177	28.1
5	23	12	78	101	44	63	1399	71	27.7
5	24	12	29	101	4	10	700	104	29.4
5	25	12	33	57	8	36	600	114	28.9
5	26	12	130	154	43	51	3399	49	23.2
5	27	12	53	37	3	12	700	88	21.2
5	28	12	113	116	3	65	1399	7	21.6
5	29	12	5	26	3	12	200	72	29
5	30	12	82	181	20	58	600	106	32.8
5	31	12	116	191	14	32	900	136	28.1
6	1	12	21	21	3	8	200	108	30.4
6	2	12	260	310	28	59	4500	70	23.4
6	3	12	83	83	6	11	800	154	32.1
6	4	12	181	196	9	44	3000	74	17.4
6	5	12	170	128	3	27	2500	43	19.3
6	6	12	107	112	NA	8	400	2	19.3
6	7	12	115	128	3	42	2200	8	20.7
6	8	12	211	248	3	43	2799	7	20.9
6	9	12	3	8	NA	18.477	NA	37.6992	17.4
6	10	12	24	24	2.2848	20.1194	NA	43.0542	24.5
6	11	12	76	92	5	30	500	104	24.9
6	12	12	70	67	9	24	900	127	25.3
6	13	12	146	196	37	38	2299	138	27.7
6	14	12	157	182	3	32	1300	172	29.4
6	15	12	126	168	3	38	2299	124	28.5
6	16	12	175	180	5	65	3100	37	21.9
6	17	12	3	6	3	8	300	97	29.2
6	18	12	32	74	3	43	700	98	32.6
6	19	12	19	NA	4	12	400	126	33.6
6	20	12	16	23	3	13	400	94	31.3
6	21	12	68	69	19	25	900	129	31.2
6	22	12	66	39	3	31	800	41	21.8
6	23	12	33	33	3	16	500	109	29.8
6	24	12	204	148	4	29	1500	163	28.1
6	25	12	109	73	3	31	1800	51	23.5
6	26	12	208	168	3	22	1700	147	28.6
6	27	12	21	21	3	10	400	122	31.6
6	28	12	260	223	4	44	3200	68	26.6
6	29	12	85	69	3	36	1899	49	23.5
6	30	12	252	220	3	36	2100	95	27.3
7	1	12	180	167	3	51	3100	11	25
7	2	12	15	15	3	12	300	108	33.9
7	3	12	24	24	3	13	400	142	35.6
7	4	12	23	38	3	12	300	122	34.3
7	5	12	17	17	6	6	300	117	33.6
7	6	12	128	72	13	26	1399	272	34.3
7	7	12	222	196	12	35	2200	104	30.4
7	8	12	NA	58	7	15	1000	106	27.4
7	9	12	43	25	9	9	800	76	24.3
7	10	12	NA	41	12	23	1200	40	25.3
7	11	12	NA	27	11	19	900	55	27.5
7	12	12	NA	49	10	14	900	157	31.1
7	13	12	NA	6	3	21	NA	136.2312	29.7
7	14	12	NA	53	8.2824	22.7883	NA	69.4008	29.8
7	15	12	NA	NA	5.4264	22.583	NA	5.1408	25.2
7	16	12	NA	NA	8.568	28.1261	NA	87.822	31.6
7	17	12	NA	91	11.7096	28.1261	NA	146.727	31.8
7	18	12	204	175	5.9976	54.1992	NA	54.4068	26.8
7	19	12	188	148	NA	56.0469	NA	130.4478	29.8
7	20	12	10	10	NA	4.5166	NA	107.9568	31.9
7	21	12	103	104	NA	31.4109	NA	159.1506	30.1
7	22	12	109	107	1.9992	30.1791	NA	184.8546	29.7
7	23	12	19	25	2.5704	24.636	NA	143.9424	31.1
7	24	12	26	4	3.1416	12.5233	NA	152.082	35.7
7	25	12	3	10	0.8568	6.159	NA	109.8846	34.8
7	26	12	44	81	38.8416	37.3646	NA	60.4044	24.6
7	27	12	121	123	NA	43.7289	NA	8.568	24.1
7	28	12	17	26	NA	14.371	NA	130.2336	34.5
7	29	12	112	151	0.2856	52.1462	NA	46.053	30
7	30	12	186	155	NA	37.3646	NA	174.1446	32.5
7	31	12	37	44	NA	31.6162	NA	130.2336	31.4
8	1	12	27	22	NA	22.3777	NA	79.4682	23.1
8	2	12	85	72	NA	11.4968	NA	155.295	29.7
8	3	12	49	91	0.2856	18.8876	NA	167.2902	31.5
8	4	12	89	57	NA	34.2851	NA	165.1482	31.8
8	5	12	34	66	1.428	19.9141	NA	115.4538	30.9
8	6	12	144	161	NA	23.8148	NA	87.1794	31.5
8	7	12	30	28	NA	12.7286	NA	108.5994	28.7
8	8	12	30	64	8.8536	29.3579	NA	102.6018	33.4
8	9	12	25	69	7.9968	14.371	NA	138.3732	34.3
8	10	12	163	285	4.284	20.7353	NA	120.1662	32.8
8	11	12	232	172	3.4272	24.0201	NA	81.6102	31
8	12	12	54	50	4.5696	21.9671	NA	79.254	28.2
8	13	12	84	85	8.568	28.742	NA	120.8088	30.5
8	14	12	81	103	3	24.636	1000	159	32.2
8	15	12	108	130	3	28.5367	1400	125	32.1
8	16	12	3	179	3	39.007	1300	26	30.5
8	17	12	21	44	3	9.4438	NA	90	34.5
8	18	12	6	11	5	7.5961	NA	106	32.3
8	19	12	12	15	1	10.0597	500	105	32.6
8	20	12	101	139	5	31.2056	1600	140	28.5
8	21	12	139	141	2	60.7688	1500	87	29.8
8	22	12	124	147	1	49.6826	1200	33	25
8	23	12	25	23	2	13	500	96	32.4
8	24	12	4	7	1	9	500	112	32.2
8	25	12	44	64	2	22	800	200	33.1
8	26	12	7	7	1	6	400	130	32.9
8	27	12	57	88	21	38	2200	40	24.9
8	28	12	54	18	1	23	2300	34	24.7
8	29	12	10	11	1	6	300	71	27
8	30	12	7	7	1	5	300	69	25.9
8	31	12	12	24	4	12	300	70	28.8
9	1	12	19	32	7	6	600	110	27.7
9	2	12	12	21	6	8	700	121	26.4
9	3	12	59	81	7	10	900	136	27
9	4	12	43	64	17	37	2000	74	20.7
9	5	12	8	8	1	3	400	81	24.9
9	6	12	38	42	11	13	1200	90	23.8
9	7	12	27	5	2	6	500	117	26.8
9	8	12	44	53	4	16	1100	78	24.8
9	9	12	105	107	4	31	1400	35	24.5
9	10	12	57	57	5	9	NA	86	28.6
9	11	12	104	152	27	23	1900	108	26.9
9	12	12	146	178	25	29	1900	126	27.1
9	13	12	81	122	3	25	1000	29	20.3
9	14	12	71	58	8	21	900	90	30.3
9	15	12	7	25	17	11	400	73	25.5
9	16	12	33	85	17	24	800	33	25.5
9	17	12	64	98	5	31	1900	2	20.1
9	18	12	109	110	12	21	2700	54	23.3
9	19	12	97	107	11	32	NA	19.278	24.1
9	20	12	12	12	1	4	200	94	27.1
9	21	12	62	90	16	22	800	102	27.5
9	22	12	99	174	15	23	1900	6	21.7
9	23	12	10	10	1	17	400	18	16.8
9	24	12	3	6	1	6	200	58	20
9	25	12	3	6	7	16	300	52	23.3
9	26	12	55	121	84	37	1700	35	22.6
9	27	12	170	211	35	32	1300	107	22
9	28	12	209	227	22	35	1600	55	19.5
9	29	12	211	221	4	46	1500	3	18.4
9	30	12	57	79	27	28	1100	50	22.3
10	1	12	11	11	1	18	NA	44.5536	20
10	2	12	3	6	1	5	100	69	21.4
10	3	12	59	106	60	28	2300	56	19.9
10	4	12	111	155	41	26	1800	66	20.3
10	5	12	254	288	41	33	2200	65	22.1
10	6	12	145	164	14	43	3500	11	19.3
10	7	12	23	6	2	8	600	54	24.3
10	8	12	34	57	16	36	1600	NA	20.8
10	9	12	99	154	17	60	1600	10	17
10	10	12	12	61	1	10	300	66	21
10	11	12	40	75	11	53	700	46	21.8
10	12	12	27	39	4	25	500	68	22.2
10	13	12	43	43	6	29	600	47	15.9
10	14	12	5	34	1	7	200	58	14
10	15	12	3	9	1	10	200	58	15.4
10	16	12	27	58	5	41	400	41	19.3
10	17	12	188	229	54	91	1800	32	17.2
10	18	12	174	192	78	102	1900	18	16.1
10	19	12	8	8	2	12	200	58	18.2
10	20	12	21	25	2	16	200	65	17.6
10	21	12	74	155	32	72	1100	20	18
10	22	12	142	157	29	78	NA	42.84	16.7
10	23	12	16	48	11	23	300	1	14.4
10	24	12	8	31	4	19	400	1	15.9
10	25	12	20	18	1	11	300	87	16.9
10	26	12	22	28	9	20	400	64.6884	16.7
10	27	12	193	212	64	96	1700	32.3442	14.7
10	28	12	183	203	35	55	NA	65.7594	15.6
10	29	12	16	16	4	11	200	63.8316	15.7
10	30	12	34	52	10	39	600	37.0566	14.2
10	31	12	81	88	10	40	800	50.9796	14.5
11	1	12	184	202	12	83	1600	16.4934	11.2
11	2	12	208	223	29	117	2100	24.633	13.2
11	3	12	8	8	1	10	200	61.6896	18
11	4	12	15	15	4	18	300	54.1926	17.2
11	5	12	122	168	44	84	1500	5.7834	13.2
11	6	12	74	94	18	54	800	34.272	18.2
11	7	12	7	16	7	30	300	34.7004	14.4
11	8	12	82	123	58	53	1200	10.9242	13.1
11	9	12	136	123	53	64	1500	16.7076	15.2
11	10	12	3	58	2	12	200	65.331	8.6
11	11	12	20	23	13	23	400	51.1938	13.2
11	12	12	11	11	2	9	200	64.0458	14.6
11	13	12	NA	NA	71	83	3300	4.4982	8.4
11	14	12	10	23	4	15	200	62.3322	13.7
11	15	12	60	134	31	62	900	20.5632	16.5
11	16	12	3	24	1	9	100	62.7606	11.7
11	17	12	3	6	1	10	200	59.3334	9.3
11	18	12	6	6	2	8	200	58.2624	7.6
11	19	12	4	6	4	8	400	51.6222	6.4
11	20	12	7	12	7	NA	400	38.3418	10.6
11	21	12	17	14	13	22	700	43.2684	11.4
11	22	12	24	34	15	25	700	38.3418	11.8
11	23	12	96	87	34	53	1400	29	13.6
11	24	12	55	149	29	52	1000	12	9.7
11	25	12	3	6	2	9	400	61	6.3
11	26	12	8	6	4	14	700	58	6.7
11	27	12	8	84	1	6	700	55	-1.1
11	28	12	7	32	7	12	900	57	4.4
11	29	12	33	34	26	47	1500	31	12.5
11	30	12	13	16	10	13	700	62	10.2
12	1	12	21	18	19	28	1100	41	10.5
12	2	12	30	36	29	31	1300	33	10
12	3	12	28	32	16	19	900	58	12.9
12	4	12	34	35	25	28	1100	37	12
12	5	12	6	6	8	9	600	60	9.5
12	6	12	94	93	51	72	2200	10	8.5
12	7	12	125	120	41	69	2500	5	6.3
12	8	12	253	211	78	83	4400	16	8.2
12	9	12	6	6	1	10	800	65	6
12	10	12	55	67	36	57	2000	9	5.3
12	11	12	18	18	10	33	1300	35	5.9
12	12	12	3	6	1	7	900	54	-0.8
12	13	12	18	24	12	20	1600	43	1.8
12	14	12	11	6	6	13	1300	58	2.9
12	15	12	8	6	7	12	1100	62	4
12	16	12	60	54	33	38	2200	12	1.7
12	17	12	9	17	7	9	1000	57	1.1
12	18	12	18	18	12	17	NA	NA	-0.6
12	19	12	10	17	13	12	300	66	-1
12	20	12	17	28	16	19	500	59	1.1
12	21	12	11	17	12	12	400	72	1.8
12	22	12	61	81	45	54	1500	16	0.8
12	23	12	28	35	36	28	700	46	5.4
12	24	12	106	128	63	59	2400	8	0.4
12	25	12	210	218	83	102	3600	12	2.6
12	26	12	6	6	1	10	400	67	0.5
12	27	12	22	26	16	29	700	39	0.2
12	28	12	10	38	11	16	400	56	0.3
12	29	12	98	119	54	82	1800	14	6.5
12	30	12	64	139	49	55	NA	46.4814	6.8
12	31	12	33	198	8	20	300	60	8.9
1	1	12	27	85	16	27	400	56	10.4
1	2	12	86	144	122	80	2600	8	6.3
1	3	12	24	62	10	36	600	46	7.7
1	4	12	108	135	78	63	2200	9	1.4
1	5	12	65	56	22	37	1000	43	5.2
1	6	12	158	167	61	67	2600	4	-0.1
1	7	12	55	22	17	25	800	47	4.5
1	8	12	13	6	5	13	500	58	-0.4
1	9	12	8	9	3	25	600	45	-0.9
1	10	12	48	57	25	35	900	34	0.9
1	11	12	68	94	54	62	1600	12	2.4
1	12	12	8	6	5	10	300	72	1.9
1	13	12	84	99	59	54	1600	27	1.3
1	14	12	23	17	29	25	700	49	1.8
1	15	12	61	67	40	49	1300	NA	3.8
1	16	12	203	208	107	85	2600	15	3
1	17	12	89	66	46	47	1100	28	1.8
1	18	12	9	6	8	17	300	67	5.8
1	19	12	121	119	106	57	2300	16	2
1	20	12	7	8	1	8	300	62	2
1	21	12	14	6	12	16	600	NA	2.6
1	22	12	58	61	36	34	1000	39	3.7
1	23	12	NA	NA	61	NA	3100	9	1.8
1	24	12	190	196	85	82	2400	11	6.6
1	25	12	12	30	13	13	400	NA	5.7
1	26	12	46	72	38	45	1000	36	2
1	27	12	124	130	73	44	1500	31	4
1	28	12	63	115	40	37	1300	41	4.9
1	29	12	115	132	98	48	1900	22	2.2
1	30	12	9	6	2	7	300	75	6.9
1	31	12	129	153	63	28	1100	39	3.4
2	1	12	162	165	95	54	1800	8	4.1
2	2	12	12	148	1	27	300	68	9.1
2	3	12	6	10	3	10	400	69	1.5
2	4	12	6	15	8	9	500	72	0.4
2	5	12	119	141	67	60	2600	16	0.3
2	6	12	114	100	71	51	1500	28	1
2	7	12	86	55	29	24	1500	48	-3.2
2	8	12	48	6	18	19	700	66	1
2	9	12	5	6	2	7	300	72	-3.1
2	10	12	8	6	6	8	400	71	-2.5
2	11	12	NA	NA	NA	NA	NA	NA	-0.7
2	12	12	22	10	15	14	500	74	3.2
2	13	12	170	158	120	65	2300	29	-1
2	14	12	207	179	70	63	2300	28	1.7
2	15	12	392	366	115	83	3500	22	3
2	16	12	128	54	30	22	1100	81	6.9
2	17	12	88	69	79	55	2100	42	5
2	18	12	84	84	78	47	1200	38	1.1
2	19	12	36	6	9	15	500	74	4.5
2	20	12	178	149	48	48	1700	27	0.3
2	21	12	293	293	72	72	2400	17	2.9
2	22	12	234	250	88	53	2000	25	6
2	23	12	229	235	177	91	3800	4	2.6
2	24	12	291	334	147	108	4700	10	6.7
2	25	12	351	338	82	76	3400	19	6.8
2	26	12	549	533	126	128	6200	9	8.1
2	27	12	12	5	2	7	200	80	6.5
2	28	12	81	45	70	53	1400	29	4.5
3	1	12	38	35	2	16	500	76	10.4
3	2	12	157	161	2	NA	500	28	7.4
3	3	12	159	157	55	71	2400	5	2.7
3	4	12	4	9	2	8	200	72	8.4
3	5	12	17	19	17	53	700	44	7.8
3	6	12	14	16	2	12	300	77	6.3
3	7	12	9	13	3	10	400	72	7.1
3	8	12	119	146	92	69	2200	30	7.7
3	9	12	63	96	50	48	1400	54	8.7
3	10	12	43	66	48	36	1000	56	6.5
3	11	12	165	206	92	54	1800	59	11.7
3	12	12	6	8	2	5	200	94	9.3
3	13	12	5	22	6	19	400	78	11.7
3	14	12	10	18	2	15	300	82	15
3	15	12	95	145	41	68	1100	45	17.2
3	16	12	72	121	41	39	1300	78	16.1
3	17	12	109	392	26	64	1000	36	19.4
3	18	12	60	264	46	35	1200	77	15.2
3	19	12	90	108	31	66	1300	34	9.8
3	20	12	8	9	2	6	200	87	15.6
3	21	12	31	60	8	21	300	NA	21.1
3	22	12	13	54	3	18	300	93	21.7
3	23	12	165	170	62	58	1600	102	18.5
3	24	12	220	267	72	90	1900	67	18.6
3	25	12	215	227	47	51	1400	128	20.5
3	26	12	278	331	69	94	2100	63	20.7
3	27	12	253	266	71	78	3400	27	15.1
3	28	12	89	62	20	24	900	73	21
3	29	12	3	10	2	24	300	84	20.9
3	30	12	10	16	2	50	200	64	24.4
3	31	12	267	314	96	86	3500	51	20
4	1	12	130	70	23	55	900	100	22.8
4	2	12	82	89	17	30	700	127	23.4
4	3	12	7	11	2	7	200	92	19
4	4	12	NA	156	14	58	900	50	21.4
4	5	12	9	18	2	6	200	95	17.4
4	6	12	38	59	12	55	500	59	23.8
4	7	12	99	166	27	44	700	100	22.4
4	8	12	190	242	52	52	1500	119	23.2
4	9	12	106	53	19	55	800	116	29.4
4	10	12	73	384	30	39	1300	60	17.4
4	11	12	23	27	7	20	400	100	16.5
4	12	12	119	137	38	92	1800	74	20.6
4	13	12	187	216	43	68	1500	105	21.7
4	14	12	274	301	56	66	1800	121	23.6
4	15	12	107	204	29	32	1100	122	21.4
4	16	12	66	108	15	95	800	20	19.9
4	17	12	90	55	16	57	1500	30	14.2
4	18	12	134	108	18	29	1400	120	19.8
4	19	12	50	34	29	58	1000	58	14.3
4	20	12	47	53	7	41	600	54	19.7
4	21	12	33	5	2	10	200	98	24
4	22	12	33	52	6	33	400	127	26.3
4	23	12	191	196	32	31	1200	123	23.6
4	24	12	144	162	35	58	1100	60	22.1
4	25	12	126	207	51	58	1400	102	24.9
4	26	12	35	67	2	7	300	81	20.9
4	27	12	16	25	2	10	300	90	23.2
4	28	12	50	5	7	13	500	133	25.2
4	29	12	105	150	17	55	900	137	24.8
4	30	12	159	218	29	90	1200	111	26.5
5	1	12	165	201	30	35	1000	163	25.8
5	2	12	16	28	2	8	200	100	21.7
5	3	12	64	64	21	35	600	100	23.2
5	4	12	20	81	2	5	200	86	17
5	5	12	10	11	2	7	300	96	19.4
5	6	12	78	117	39	34	900	101	20.2
5	7	12	NA	186	2	9	500	94	24.4
5	8	12	97	108	20	45	1600	120	22.9
5	9	12	59	98	32	33	1700	88	18.1
5	10	12	48	77	33	26	1300	98	19.2
5	11	12	13	13	2	13	700	104	12.2
5	12	12	25	25	2	14	NA	95	29.9
5	13	12	98	142	23	58	900	82	28
5	14	12	11	11	2	9	300	79	21.3
5	15	12	26	52	3	15	300	95	27.2
5	16	12	17	17	2	8	200	111	28.1
5	17	12	82	121	44	NA	1100	129	27
5	18	12	219	219	15	NA	800	162	28.1
5	19	12	121	132	19	NA	1400	140	24.9
5	20	12	8	8	2	NA	300	113	29.8
5	21	12	109	152	13	NA	1400	164	28.2
5	22	12	284	285	64	NA	3600	237	32.7
5	23	12	84	84	18	NA	800	221	34
5	24	12	72	72	2	NA	900	33	20.2
5	25	12	75	211	2	NA	300	83	28
5	26	12	31	70	7	NA	300	102	34.6
5	27	12	17	142	2	NA	200	104	30.8
5	28	12	67	81	14	NA	600	118	35.3
5	29	12	59	85	11	NA	600	214	38.3
5	30	12	117	253	62	NA	3200	249	33.8
5	31	12	133	214	47	NA	2100	179	32.9
6	1	12	40	40	2	NA	600	168	30.5
6	2	12	23	23	2	NA	500	132	24.3
6	3	12	27	37	2	11	400	151	30.8
6	4	12	72	83	11	56	900	160	29.5
6	5	12	58	64	8	30	800	178	32.5
6	6	12	115	139	31	46	2700	116	19.3
6	7	12	8	9	2	8	200	102	26.8
6	8	12	31	33	15	23	700	129	29.5
6	9	12	38	38	11	28	800	138	28.5
6	10	12	75	91	14	25	1200	130	25.5
6	11	12	19	19	2	7	400	117	27.9
6	12	12	12	12	2	11	300	150	33.8
6	13	12	24	24	6	13	500	145	31.3
6	14	12	21	25	2	12	400	153	29.6
6	15	12	90	90	17	22	1000	237	32.2
6	16	12	202	208	2	41	1100	145	27.3
6	17	12	47	49	2	20	800	127	25.4
6	18	12	23	23	2	7	100	126	29.5
6	19	12	183	183	22	35	2500	152	26.6
6	20	12	10	10	2	6	500	135	26.5
6	21	12	94	94	15	21	1600	129	26.7
6	22	12	49	49	2	15	700	141	27.8
6	23	12	13	27	NA	5	200	121	30.1
6	24	12	77	121	12	42	700	218	31
6	25	12	80	148	30	41	1600	101	26.7
6	26	12	120	120	2	15	900	205	31.7
6	27	12	11	11	2	6	300	100	33
6	28	12	14	14	2	9	300	123	34.7
6	29	12	29	37	6	15	500	172	33.4
6	30	12	114	171	31	32	1500	229	33.6
7	1	12	133	179	62	39	2200	207	30.9
7	2	12	48	48	2	9	1100	106	24.6
7	3	12	266	266	15	22	1700	125	27.6
7	4	12	158	158	2	10	1000	184	32.3
7	5	12	298	298	28	34	3700	169	30.5
7	6	12	212	212	10	27	1600	122	29.7
7	7	12	136	153	25	30	1400	149	30.1
7	8	12	38	38	3	9	500	122	33.2
7	9	12	7	19	2	9	300	73	30.3
7	10	12	20	20	3	9	300	133	35.2
7	11	12	12	27	2	8	300	125	34.2
7	12	12	8	8	2	7	200	112	32
7	13	12	13	13	2	7	300	114	33.7
7	14	12	15	25	2	8	300	140	34.7
7	15	12	59	138	6	23	600	176	30.4
7	16	12	162	167	13	35	1700	109	27.4
7	17	12	108	108	10	12	1500	155	28.8
7	18	12	155	155	18	16	1900	167	31.7
7	19	12	77	77	4	15	600	200	35.2
7	20	12	60	60	5	14	600	172	34
7	21	12	15	15	2	13	400	87	31.8
7	22	12	13	40	2	17	400	46	28.9
7	23	12	26	57	6	40	700	28	30.8
7	24	12	60	85	3	45	900	47	28
7	25	12	35	35	8	9	700	160	33.3
7	26	12	180	219	8	34	1500	244	33.4
7	27	12	177	194	23	32	1200	242	34.1
7	28	12	167	167	16	26	1200	220	34.4
7	29	12	124	124	2	15	800	189	33.3
7	30	12	146	146	2	10	1700	129	27.5
7	31	12	217	217	4	17	1400	155	30
8	1	12	164	164	5	25	1300	118	31.1
8	2	12	118	118	6	22	1100	110	32.7
8	3	12	105	105	2	11	900	200	34.2
8	4	12	3	20	2	6	400	70	22.1
8	5	12	22	22	2	10	400	93	30.1
8	6	12	8	8	2	9	300	110	33.8
8	7	12	33	33	5	NA	500	83	31.7
8	8	12	72	91	11	26	1100	177	31.4
8	9	12	101	101	14	21	1400	195	30.4
8	10	12	36	36	4	33	500	135	31
8	11	12	7	7	2	7	200	93	34.1
8	12	12	14	14	3	9	300	129	32.6
8	13	12	26	26	2	21	700	51	19.3
8	14	12	37	59	6	24	600	134	28.7
8	15	12	22	22	6	12	400	145	31.4
8	16	12	31	65	5	13	500	187	32.1
8	17	12	34	34	4	12	500	165	30.4
8	18	12	49	90	6	14	700	151	29.7
8	19	12	109	116	6	29	1000	206	32.2
8	20	12	146	163	9	49	1100	166	33.1
8	21	12	146	156	10	23	1100	163	31.8
8	22	12	49	59	6	34	800	89	27.4
8	23	12	132	139	2	27	1100	190	31.7
8	24	12	15	66	2	13	300	108	31.4
8	25	12	6	6	2	8	300	91	30.9
8	26	12	10	10	2	10	200	114	33.7
8	27	12	33	40	6	22	400	187	33.3
8	28	12	107	107	6	56	1300	86	28.3
8	29	12	53	53	7	9	900	146	26.3
8	30	12	96	96	3	24	1400	59	24.8
8	31	12	43	43	2	10	1100	127	26
9	1	12	108	108	7	26	2200	74	24.8
9	2	12	NA	5	2	13	1000	77	21.8
9	3	12	NA	11	3	14	400	80	28.8
9	4	12	NA	54	15	49	600	73	32.6
9	5	12	104	314	10	19	1300	157	28.4
9	6	12	122	137	14	13	1600	154	27.5
9	7	12	207	207	6	53	1500	75	28.2
9	8	12	5	6	2	5	300	87	28.2
9	9	12	35	98	6	24	500	131	27.6
9	10	12	82	132	13	35	1800	134	27.8
9	11	12	72	132	10	39	1600	64	25.7
9	12	12	105	105	5	31	1200	63	23.4
9	13	12	79	79	8	50	900	93	26.3
9	14	12	9	9	2	9	200	58	21.6
9	15	12	7	7	3	17	300	61	26.7
9	16	12	12	12	6	23	400	49	20.8
9	17	12	37	62	3	48	600	27	20.6
9	18	12	62	62	2	25	600	122	25.1
9	19	12	145	162	NA	14	100	7	21.4
9	20	12	133	133	NA	5	200	10	22.9
9	21	12	47	58	NA	11	200	4	21
9	22	12	98	108	NA	10	300	2	21.2
9	23	12	24	24	2	3	600	2	17.8
9	24	12	9	9	2	10	500	46	23.9
9	25	12	106	106	3	27	1300	54	20.1
9	26	12	134	134	15	45	1800	36	20.9
9	27	12	14	14	2	10	200	73	23.6
9	28	12	64	129	25	47	2500	19	21.5
9	29	12	13	17	2	6	NA	51	22.6
9	30	12	13	20	14	18	300	40	14.9
10	1	12	89	126	16	56	1400	10	11.3
10	2	12	39	39	5	33	800	25	20.5
10	3	12	36	48	4	23	700	11	15.9
10	4	12	47	47	2	30	800	31	15.4
10	5	12	7	7	2	10	300	75	20.3
10	6	12	5	5	2	11	200	69	20.7
10	7	12	87	123	21	62	1200	30	19.5
10	8	12	222	222	35	66	2100	48	19.1
10	9	12	264	264	10	45	1700	58	20.9
10	10	12	269	269	35	65	3200	67	21.3
10	11	12	181	181	5	35	1600	68	18.7
10	12	12	3	3	2	10	100	58	17.7
10	13	12	5	5	2	9	200	59	15.8
10	14	12	35	35	10	56	500	40	19.3
10	15	12	13	103	2	27	200	59	22
10	16	12	29	47	7	63	500	31	21
10	17	12	76	103	17	59	700	56	21.3
10	18	12	122	170	31	60	1400	81	23.1
10	19	12	271	316	38	107	2400	28	20
10	20	12	223	223	3	63	1500	26	17.5
10	21	12	29	29	16	58	1000	23	14.2
10	22	12	82	140	11	68	1400	2	12
10	23	12	96	140	26	56	1300	21	16.1
10	24	12	220	242	18	28	1600	61	17.5
10	25	12	297	297	11	43	2000	46	18
10	26	12	4	4	2	6	100	68	16.4
10	27	12	43	43	31	54	1500	21	14.1
10	28	12	54	71	22	51	1000	28	12.6
10	29	12	76	76	16	42	800	48	15.9
10	30	12	122	165	14	79	1300	2	14.1
10	31	12	149	149	21	97	3200	2	14.4
11	1	12	18	18	11	48	500	17	14.9
11	2	12	7	13	2	13	100	54	13.2
11	3	12	21	55	7	34	800	20	17.2
11	4	12	113	148	42	60	1100	38	12.9
11	5	12	32	32	9	33	400	51	18.7
11	6	12	6	6	2	8	100	56	10.1
11	7	12	31	46	23	32	1300	22	7.3
11	8	12	50	54	16	36	1000	44	10.4
11	9	12	20	20	6	19	300	52	14.4
11	10	12	27	27	6	25	300	46	14.3
11	11	12	10	59	2	15	200	47	12.9
11	12	12	3	52	2	8	100	61	5.7
11	13	12	21	21	9	54	600	30	10.5
11	14	12	3	5	9	21	200	55	10.6
11	15	12	NA	NA	NA	NA	NA	NA	8
11	16	12	121	121	39	73	3100	22	10.9
11	17	12	7	7	6	21	1500	57	10.5
11	18	12	16	16	16	27	300	45	10.7
11	19	12	209	299	67	108	2800	8	6.9
11	20	12	269	302	14	114	3400	11	6.5
11	21	12	172	178	20	62	1200	NA	9.8
11	22	12	12	12	8	29	300	48	9.9
11	23	12	122	190	19	81	2200	5	7.3
11	24	12	7	7	2	20	200	61	9.8
11	25	12	99	132	67	85	2300	9	6.6
11	26	12	226	280	57	120	3100	9	6.3
11	27	12	4	8	6	14	200	58	5.7
11	28	12	30	53	10	39	500	42	8.1
11	29	12	172	250	16	70	2700	4	3.2
11	30	12	15	36	2	27	200	58	7.3
12	1	12	5	5	2	10	400	59	-2.2
12	2	12	26	37	19	39	800	25	-2.4
12	3	12	5	13	2	14	300	45	-1.2
12	4	12	4	133	2	16	300	51	0
12	5	12	14	25	5	22	400	51	1.3
12	6	12	10	18	6	12	300	57	3.3
12	7	12	58	62	35	43	1500	18	4.4
12	8	12	9	16	10	NA	300	26	1.9
12	9	12	180	261	93	88	5700	8	-1.2
12	10	12	229	327	20	100	3200	21	4.8
12	11	12	12	12	NA	16	400	33	1.7
12	12	12	7	31	2	18	300	48	1.5
12	13	12	45	64	18	50	1000	19	1.5
12	14	12	29	40	16	32	800	40	3.7
12	15	12	10	80	2	17	300	55	2.9
12	16	12	7	7	9	5	NA	2	-1.1
12	17	12	93	147	NA	11	NA	2	0.1
12	18	12	114	179	68	88	3400	13	1
12	19	12	22	32	7	24	600	55	5.1
12	20	12	11	11	11	25	500	36	-0.3
12	21	12	7	18	6	25	500	37	-0.1
12	22	12	37	60	45	47	1000	24	4.3
12	23	12	52	77	52	53	1100	23	5.5
12	24	12	7	9	2	10	300	69	3.4
12	25	12	12	17	10	25	500	58	4.7
12	26	12	63	111	55	63	2000	13	0.3
12	27	12	136	175	62	93	2600	17	1.5
12	28	12	58	89	37	57	1200	41	5.9
12	29	12	99	203	57	94	2500	25	8.9
12	30	12	22	29	9	38	1000	50	6.7
12	31	12	6	129	4	8	300	55	-1.2
1	1	12	12	12	3	16	400	45	0
1	2	12	5	5	2	14	300	52	3
1	3	12	104	107	89	71	2600	19	1
1	4	12	90	96	53	52	1500	31	4
1	5	12	160	196	67	97	3600	33	8
1	6	12	NA	NA	NA	NA	NA	NA	3
1	7	12	35	56	21	37	900	41	3
1	8	12	76	85	53	53	1500	22	1
1	9	12	17	17	6	22	400	60	4
1	10	12	158	160	55	103	2600	23	7
1	11	12	9	10	2	11	200	69	4
1	12	12	143	159	67	77	2300	18	2
1	13	12	123	123	64	68	1500	18	0.7
1	14	12	167	167	66	74	2000	13	-1.5
1	15	12	434	434	23	110	4300	17	-1.8
1	16	12	8	8	2	17	300	58	1
1	17	12	29	29	2	31	600	46	0
1	18	12	166	187	65	122	3000	13	4
1	19	12	31	32	4	43	600	50	3
1	20	12	76	90	39	55	1500	28	3
1	21	12	11	11	2	17	300	69	4
1	22	12	158	184	43	85	2700	25	2
1	23	12	163	163	40	62	2000	30	2
1	24	12	167	190	76	81	3600	19	3
1	25	12	165	165	11	75	2300	15	2
1	26	12	NA	87	6	43	1500	23	3
1	27	12	14	14	2	14	400	56	-2
1	28	12	12	12	2	13	400	58	0
1	29	12	141	141	44	72	2200	28	3
1	30	12	15	15	2	17	500	63	NA
1	31	12	11	11	2	14	400	56	1
2	1	12	20	20	16	24	500	38	1
2	2	12	75	75	32	49	1200	32	1
2	3	12	195	195	51	77	2200	35	3
2	4	12	16	16	2	20	400	62	NA
2	5	12	19	19	10	24	500	68	5
2	6	12	39	50	27	55	900	46	7
2	7	12	9	9	2	14	300	73	2
2	8	12	8	8	2	12	300	64	-1
2	9	12	82	82	32	47	1100	39	1
2	10	12	83	83	25	59	1300	44	9
2	11	12	12	12	2	12	200	87	7
2	12	12	17	17	3	16	500	80	5
2	13	12	90	90	32	43	1700	50	4
2	14	12	210	210	56	65	2400	56	7
2	15	12	200	200	62	57	2600	47	5
2	16	12	153	184	43	81	2600	62	10
2	17	12	9	38	2	8	300	82	7
2	18	12	12	12	4	8	300	81	7
2	19	12	232	256	80	42	2100	50	3
2	20	12	107	107	2	36	1200	30	1
2	21	12	206	206	2	46	2300	12	2
2	22	12	23	153	2	16	300	55	1
2	23	12	18	38	6	10	300	56	3
2	24	12	86	141	47	42	1900	44	3.6
2	25	12	10	10	2	14	300	71	4
2	26	12	7	10	2	12	400	67	3
2	27	12	10	16	5	21	500	53	0
2	28	12	109	109	2	42	1300	3	NA
3	1	12	106	106	12	61	1500	44	9.7
3	2	12	84	90	28	58	1400	48	12.3
3	3	12	4	12	2	9	500	67	0.9
3	4	12	24	24	7	28	600	48	3
3	5	12	159	162	50	82	2300	28	5.6
3	6	12	148	165	NA	11	NA	2	5.7
3	7	12	206	226	31	57	1900	63	9.9
3	8	12	183	183	18	29	1300	90	10.4
3	9	12	5	5	2	5	500	81	-0.3
3	10	12	10	12	4	20	300	68	5.7
3	11	12	6	7	2	11	100	80	7.2
3	12	12	56	71	3	10	NA	2	10.2
3	13	12	9	9	10	4	NA	2	9.5
3	14	12	86	104	53	59	2200	28	5.3
3	15	12	42	134	9	39	500	57	14.4
3	16	12	177	234	38	62	1600	19	11
3	17	12	24	24	3	18	400	83	15.7
3	18	12	67	67	20	58	1100	49	11.6
3	19	12	73	215	4	42	700	54	16.6
3	20	12	36	347	2	40	200	80	17.5
3	21	12	6	41	2	14	200	77	16.4
3	22	12	9	14	2	9	300	86	11.1
3	23	12	29	40	11	39	700	58	16.5
3	24	12	69	94	29	43	1800	76	11.9
3	25	12	164	178	56	87	2000	79	13.7
3	26	12	167	188	30	119	1500	49	17.6
3	27	12	132	148	37	76	1100	62	16.5
3	28	12	144	NA	2	25	400	65	20.5
3	29	12	161	394	42	66	2400	83	19.9
3	30	12	174	370	44	59	1600	86	19.3
3	31	12	136	136	19	64	6700	16	11.4
4	1	12	64	42.7	10	40	600	61	13.6
4	2	12	28	28	2	22	700	54	7.3
4	3	12	16	16	2	12	400	110	15.7
4	4	12	77	77	6	32	800	103	14.3
4	5	12	26	88	2	21	300	75	16.5
4	6	12	13	13	NA	2	100	2	8.2
4	7	12	5	5	2	8	300	81	11
4	8	12	107	107	31	54	1100	63	13.2
4	9	12	159	159	32	59	1300	71	14.5
4	10	12	190	118.8	18	38	1400	107	18.2
4	11	12	112	112	23	25	1600	121	17.3
4	12	12	14	32	2	11	200	70	9.5
4	13	12	23	23	2	10	300	103	14
4	14	12	37	40	8	30	500	81	22.3
4	15	12	147	180	50	75	1500	68	20.1
4	16	12	15	110	2	9	200	79	18
4	17	12	68	166	20	76	700	39	21.1
4	18	12	170	339	71	98	3700	46	20.3
4	19	12	18	85	2	9	200	93	19.7
4	20	12	20	20	3	23	300	82	21.2
4	21	12	112	116	13	78	900	75	25.2
4	22	12	46	46	6	54	600	75	24.4
4	23	12	NA	169	11	46	600	68	20.9
4	24	12	27	90	6	31	500	94	24.1
4	25	12	40	94	16	70	600	116	28.3
4	26	12	152	202	36	51	1000	161	28.7
4	27	12	120	174	32	36	1100	127	24.9
4	28	12	NA	39	11	22	600	70	21.8
4	29	12	138	138	18	44	1100	119	24.3
4	30	12	162	162	28	36	1400	149	26.3
5	1	12	158	181	28	52	1300	112	23.2
5	2	12	38	54	10	16	500	84	22.2
5	3	12	4	12	2	12	200	81	22.5
5	4	12	11	35	3	23	200	64	21.5
5	5	12	52	99	10	27	500	91	23.1
5	6	12	10	36	3	12	200	86	20.7
5	7	12	48	90	12	50	600	57	22.9
5	8	12	NA	77	13	24	800	65	20.6
5	9	12	44	44	9	30	800	43	14.7
5	10	12	45	45	3	57	1400	17	8.7
5	11	12	41	44	6	45	800	38	17.2
5	12	12	9	14	2	12	200	94	22.6
5	13	12	75	119	NA	2	NA	2	25.5
5	14	12	15	31	16	3	NA	2	23.5
5	15	12	25	25	2	9	200	101	22.9
5	16	12	53	53	6	39	300	81	27.1
5	17	12	142	171	19	27	1000	145	25.3
5	18	12	3	38	2	14	200	83	25.6
5	19	12	10	60	2	10	200	72	24.5
5	20	12	17	17	2	10	300	88	26.4
5	21	12	47	52	6	52	500	100	26.6
5	22	12	85	120	26	48	900	117	25.2
5	23	12	120	136	22	41	1000	194	27.8
5	24	12	166	184	28	50	1300	203	28.4
5	25	12	132	156	33	51	1300	204	30.3
5	26	12	120	136	38	42	1400	241	31.6
5	27	12	111	111	16	22	900	200	29
5	28	12	156	164	24	43	1300	165	28.4
5	29	12	108	108	12	51	900	100	27.2
5	30	12	44	44	9	19	600	120	28.3
5	31	12	53	67	20	27	700	155	28.9
6	1	12	117	154	15	24	1100	152	30.3
6	2	12	14	15	2	10	200	85	30
6	3	12	39	39	5	34	400	80	30.5
6	4	12	79	116	4	79	900	2	18.9
6	5	12	51	51	7	24	5000	115	26.9
6	6	12	17	17	3	11	200	105	28.4
6	7	12	31	31	2	11	2000	72	28.1
6	8	12	15	15	6	14	300	84	27.5
6	9	12	55	100	35	25	1600	131	26.8
6	10	12	81	81	NA	21	900	44	19.8
6	11	12	6	13	2	11	400	73	26
6	12	12	9	32	2	15	500	74	27.2
6	13	12	12	16	2	8	600	75	25.7
6	14	12	10	17	2	12	600	118	29
6	15	12	103	103	7	26	1600	182	27.8
6	16	12	143	156	14	40	1500	177	29
6	17	12	30	33	2	13	600	158	29.8
6	18	12	8	8	2	12	200	89	29.4
6	19	12	22	27	2	12	500	69	22
6	20	12	12	12	2	7	300	121	28.2
6	21	12	58	58	4	31	700	187	29.7
6	22	12	113	113	12	28	1200	184	29.1
6	23	12	240	240	2	30	2500	167	28
6	24	12	160	160	3	55	1500	56	25.6
6	25	12	174	174	5	31	1300	87	26.5
6	26	12	73	73	2	16	800	134	26
6	27	12	103	103	2	21	900	103	27.5
6	28	12	198	198	2	32	2400	125	28.7
6	29	12	181	181	2	47	2500	51	25.4
6	30	12	16	16	2	25	400	40	22.5
7	1	12	17	17	2	11	300	94	30.7
7	2	12	3	5	4	12	300	72	30.9
7	3	12	10	10	4	8	200	84	27.9
7	4	12	53	84	3	40	700	54	25.9
7	5	12	70	70	7	18	1400	134	26.8
7	6	12	57	57	11	22	1000	133	28.1
7	7	12	93	93	6	29	900	137	28.8
7	8	12	166	166	4	22	1200	166	29
7	9	12	67	70	19	23	1200	152	30.4
7	10	12	39	42	5	18	1000	133	29.7
7	11	12	151	178	2	30	1800	158	31.1
7	12	12	113	118	2	23	1000	224	33.8
7	13	12	16	16	2	8	400	153	36.7
7	14	12	18	18	2	15	500	170	33.1
7	15	12	37	77	2	58	700	66	27.5
7	16	12	25	25	2	16	700	97	23.9
7	17	12	23	26	2	26	600	33	22.4
7	18	12	37	37	2	19	700	105	25.2
7	19	12	93	93	2	22	1400	68	24.4
7	20	12	NA	NA	2	20	1100	59	26.2
7	21	12	167	167	2	26	1100	61	27.2
7	22	12	106	106	2	58	900	71	27.7
7	23	12	141	141	2	35	1100	92	26.6
7	24	12	126	126	2	21	1100	136	29.3
7	25	12	101	101	2	33	1100	166	30.3
7	26	12	116	116	2	13	1100	181	32.6
7	27	12	69	87	2	24	900	149	31
7	28	12	38	38	2	23	800	102	28.2
7	29	12	96	96	2	15	1000	156	31.1
7	30	12	38	38	2	18	1100	124	27.2
7	31	12	7	7	2	12	600	84	28.3
8	1	12	84	84	2	21	1000	91	26.5
8	2	12	97	97	2	17	1900	57	27
8	3	12	72	72	2	8	NA	44	27.8
8	4	12	19	29	5	16	600	109	30.5
8	5	12	131	144	2	22	1800	149	29.5
8	6	12	22	47	2	4	NA	2	27.9
8	7	12	NA	NA	NA	14	900	NA	28.9
8	8	12	19	20	12	8	500	100	27.5
8	9	12	31	42	2	14	600	143	31.5
8	10	12	17	35	20	10	500	120	32.4
8	11	12	95	107	2	16	1300	178	31.5
8	12	12	65	65	2	22	1000	193	33.1
8	13	12	159	181	2	24	1500	180	31.1
8	14	12	19	27	2	20	600	101	30.8
8	15	12	8	8	2	6	300	90	32.6
8	16	12	36	76	4	20	600	178	32
8	17	12	112	184	2	48	1200	140	31.2
8	18	12	56	155	2	29	1000	76	28.7
8	19	12	37	37	2	7	600	110	25.9
8	20	12	46	46	2	9	700	133	28.9
8	21	12	18	18	4	9	400	108	30.5
8	22	12	8	9	2	2	400	76	30.6
8	23	12	20	25	2	13	600	42	25.4
8	24	12	6	6	2	3	400	76	28.2
8	25	12	NA	NA	2	NA	600	28	28.8
8	26	12	8	8	2	2	400	84	29.8
8	27	12	11	11	2	5	300	88	29.6
8	28	12	11	15	2	10	300	96	29.8
8	29	12	16	19	2	7	400	117	29.1
8	30	12	18	21	2	8	600	68	21.2
8	31	12	23	23	2	15	600	44	21.8
9	1	12	5	12	2	5	300	44	22.2
9	2	12	5	7	2	6	300	67	28.9
9	3	12	11	15	2	3	400	74	29.7
9	4	12	54	67	4	29	3300	38	24
9	5	12	18	18	2	7	600	70	18.8
9	6	12	16	19	2	5	400	79	26.1
9	7	12	21	27	2	14	400	91	26.9
9	8	12	62	62	11	40	800	133	26.9
9	9	12	14	27	2	7	400	76	25.2
9	10	12	14	28	2	25	400	7	17.1
9	11	12	NA	9	2	8	300	60	20.1
9	12	12	3	5	2	6	200	56	23.5
9	13	12	14	29	2	24	400	60	27.7
9	14	12	131	177	NA	2	NA	2	25
9	15	12	102	113	NA	NA	NA	NA	24.2
9	16	12	146	146	9	35	1200	149	24.8
9	17	12	210	214	7	61	1200	113	25.1
9	18	12	59	59	2	15	700	119	27.1
9	19	12	3	7	2	12	200	77	27.3
9	20	12	134	185	4	50	1200	52	23.9
9	21	12	118	133	13	61	1100	85	25.2
9	22	12	187	187	5	38	1500	88	23.5
9	23	12	9	9	2	12	400	65	23.9
9	24	12	113	156	3	27	1600	62	23
9	25	12	14	14	2	17	300	62	24.1
9	26	12	20	79	3	40	600	37	23.4
9	27	12	35	35	3	11	NA	113	25.8
9	28	12	NA	37	4	50	2700	24	17.3
9	29	12	47	47	2	36	800	17	15.3
9	30	12	42	42	3	53	800	29	18.8
10	1	12	3	5	2	11	200	52	19.7
10	2	12	19	55	4	17	400	68	24.5
10	3	12	26	75	6	28	800	61	22.5
10	4	12	101	134	20	63	1400	40	21.3
10	5	12	304	350	9	47	2600	111	21.4
10	6	12	253	253	4	29	1500	136	23.1
10	7	12	296	296	5	76	1700	53	22.4
10	8	12	4	5	2	10	200	51	17.8
10	9	12	NA	24	2	12	300	50	18.8
10	10	12	11	11	2	8	200	46	14.7
10	11	12	8	15	2	12	300	57	19.4
10	12	12	NA	NA	NA	NA	NA	NA	22.9
10	13	12	3	10	2	24	300	51	23.9
10	14	12	54	96	3	58	700	28	19.3
10	15	12	89	100	9	24	1000	105	22.4
10	16	12	260	269	20	73	2200	98	20.6
10	17	12	299	299	19	82	2300	71	20.1
10	18	12	26	72	6	27	600	38	18.4
10	19	12	50	101	11	71	800	14	15.9
10	20	12	107	131	2	65	1600	2	13.3
10	21	12	44	44	2	32	700	12	11.1
10	22	12	20	20	2	39	500	9	10.2
10	23	12	37	37	4	37	700	18	16.4
10	24	12	37	37	7	39	700	37	18.9
10	25	12	83	88	79	68	3600	3	12.8
10	26	12	52	52	2	54	700	2	10.3
10	27	12	23	23	2	36	400	28	15
10	28	12	8	8	2	11	300	53	13.1
10	29	12	7	12	2	12	300	48	11.4
10	30	12	13	15	2	20	300	39	13.1
10	31	12	6	9	2	12	200	49	14
11	1	12	34	34	7	39	500	30	15.3
11	2	12	32	46	8	35	500	34	18.6
11	3	12	234	234	38	89	2000	30	14.2
11	4	12	229	229	23	93	1800	13	13.3
11	5	12	40	40	2	18	600	29	9.5
11	6	12	10	10	2	15	300	43	1
11	7	12	12	12	3	11	300	48	3.6
11	8	12	53	53	8	17	500	59	6
11	9	12	127	127	4	48	1300	4	4.8
11	10	12	166	166	4	51	1600	2	5.5
11	11	12	63	63	4	31	1100	18	7.1
11	12	12	168	168	5	71	2500	2	6.6
11	13	12	243	243	13	56	2900	2	7.4
11	14	12	298	298	21	108	3800	2	10.4
11	15	12	112	112	11	20	2300	45	13.5
11	16	12	32	32	14	31	1500	25	8.9
11	17	12	23	23	2	12	200	39	8.7
11	18	12	58	58	7	43	800	8	4.1
11	19	12	112	112	2	43	1400	2	4.2
11	20	12	79	79	9	41	2900	2	1.5
11	21	12	55	55	8	34	2200	2	0.5
11	22	12	54	54	11	23	900	31	-2.1
11	23	12	18	18	12	9	400	54	-1.7
11	24	12	15	15	8	13	500	56	-4.8
11	25	12	47	47	11	27	800	38	-3.6
11	26	12	14	14	4	12	700	59	-5.2
11	27	12	259	259	49	77	2900	16	-3.2
11	28	12	329	329	51	82	2900	16	-0.4
11	29	12	237	237	47	65	3200	33	2.2
11	30	12	215	215	NA	NA	NA	NA	0.8
12	1	12	543	543	43	132	NA	9	0.7
12	2	12	12	12	4	24	200	39	4.3
12	3	12	13	28	4	11	400	48	1.6
12	4	12	9	15	7	19	400	45	4.4
12	5	12	11	11	2	15	200	57	5.9
12	6	12	122	135	54	75	2100	7	3
12	7	12	171	176	48	73	3400	6	3.4
12	8	12	271	271	25	73	4600	4	2.1
12	9	12	239	239	35	75	2500	7	3.8
12	10	12	74	74	8	22	900	55	7.7
12	11	12	18	18	8	25	400	49	4.3
12	12	12	81	81	18	56	1500	4	2.7
12	13	12	129	129	29	81	2300	6	2.3
12	14	12	306	306	22	112	4400	4	2.6
12	15	12	9	9	2	14	200	54	2.8
12	16	12	6	6	2	10	300	39	0.8
12	17	12	33	37	13	45	900	18	0.5
12	18	12	16	16	5	20	400	44	5.1
12	19	12	69	69	22	47	1300	12	0.7
12	20	12	183	183	22	65	2700	8	1.3
12	21	12	142	142	18	46	1700	22	1.3
12	22	12	129	129	23	55	1900	6	-0.3
12	23	12	211	211	23	55	2100	40	4.2
12	24	12	422	435	36	121	5900	11	2.9
12	25	12	472	472	4	132	6900	6	-2.7
12	26	12	268	268	25	75	5500	10	-1.6
12	27	12	31	31	13	34	1100	29	-6
12	28	12	52	52	14	43	1100	26	-0.1
12	29	12	134	141	36	82	2300	10	0.7
12	30	12	48	48	3	31	800	47	5
12	31	12	14	14	3	20	400	46	1.8
1	1	12	152	152	37	60	1800	13	1.5
1	2	12	338	338	60	122	3900	14	3.3
1	3	12	180	180	34	65	2100	12	0.6
1	4	12	6	6	2	13	200	69	1.1
1	5	12	9	9	2	14	500	57	-0.7
1	6	12	17	17	2	17	400	55	1.5
1	7	12	21	21	2	17	500	54	-1.3
1	8	12	9	9	4	10	400	57	-0.6
1	9	12	32	32	11	34	800	38	0.4
1	10	12	34	34	15	32	800	49	1.4
1	11	12	10	10	2	9	500	69	-4
1	12	12	17	17	5	15	500	56	-3.3
1	13	12	13	13	5	20	500	56	-0.2
1	14	12	54	54	14	69	1300	17	3.4
1	15	12	114	114	29	76	1900	18	1.5
1	16	12	112	112	55	76	2800	12	-1.2
1	17	12	38	38	4	9	500	76	-6.1
1	18	12	6	18	2	11	500	58	-8
1	19	12	31	42	9	45	1000	31	-4.6
1	20	12	107	119	75	66	3800	13	-4.6
1	21	12	150	150	35	58	2500	15	-4.6
1	22	12	8	8	2	9	500	66	-9.6
1	23	12	9	26	2	7	900	64	-15.1
1	24	12	14	105	4	12	300	63	-7.8
1	25	12	16	28	7	17	100	56	-0.4
1	26	12	15	38	2	11	300	67	0
1	27	12	34	34	12	36	900	34	-0.3
1	28	12	90	90	23	43	1300	34	0.4
1	29	12	91	107	59	60	2500	16	-3.1
1	30	12	14	14	4	11	400	69	-5.3
1	31	12	19	19	4	14	600	69	-1.8
2	1	12	11	11	2	10	400	71	0.2
2	2	12	10	10	2	11	300	74	1.4
2	3	12	50	52	17	47	1100	36	0.9
2	4	12	13	13	3	13	300	72	0.9
2	5	12	6	24	2	9	200	76	1.1
2	6	12	14	14	4	12	400	73	3.9
2	7	12	22	28	9	13	500	75	6.2
2	8	12	8	42	2	8	300	74	9
2	9	12	39	39	9	23	700	59	8.1
2	10	12	141	141	32	50	1800	39	6.4
2	11	12	167	167	42	64	3300	19	4.9
2	12	12	174	174	27	33	2100	62	8
2	13	12	7	7	2	9	200	60	1.6
2	14	12	4	5	2	7	300	71	-2.7
2	15	12	11	15	3	10	100	67	1.3
2	16	12	10	38	4	13	200	70	5.9
2	17	12	33	33	20	41	900	50	8.9
2	18	12	8	8	2	10	200	76	6.3
2	19	12	27	27	5	24	500	58	5.8
2	20	12	12	12	4	9	200	75	1.4
2	21	12	108	108	32	49	1500	40	3.3
2	22	12	91	91	19	33	1100	58	6.7
2	23	12	9	9	2	6	100	77	0.9
2	24	12	43	43	NA	2	NA	2	2.8
2	25	12	21	22	8	37	500	44	3.6
2	26	12	35	38	12	38	800	49	5.7
2	27	12	9	12	2	12	200	76	6.3
2	28	12	26	31	2	17	500	69	5.2
2	29	12	13	13	2	11	200	73	0.7
3	1	12	97	97	23	51	1400	47	5.6
3	2	12	177	177	30	73	1700	59	14
3	3	12	312	312	71	84	3400	49	12.2
3	4	12	425	425	62	143	5900	4	7.7
3	5	12	51	190	2	13	300	73	11
3	6	12	64	155	40	52	1700	30	7.8
3	7	12	9	11	2	9	300	75	9.1
3	8	12	10	10	2	7	200	71	2.7
3	9	12	12	12	2	8	200	73	2.4
3	10	12	6	12	2	8	200	73	4.3
3	11	12	10	20	3	11	300	77	5.4
3	12	12	124	142	69	81	2000	35	5.7
3	13	12	11	11	3	7	200	91	9.6
3	14	12	81	92	17	48	1000	53	11.9
3	15	12	146	163	31	73	1500	36	10.8
3	16	12	259	259	34	80	1700	41	12
3	17	12	273	273	53	73	1900	74	14
3	18	12	111	111	6	17	600	113	20.1
3	19	12	61	93	32	40	1600	65	13.5
3	20	12	63	63	8	30	700	82	15.3
3	21	12	169	195	27	110	1500	NA	16.6
3	22	12	13	13	8	14	400	77	15.1
3	23	12	3	17	3	6	300	81	12.8
3	24	12	7	7	2	7	200	85	11.9
3	25	12	3	8	4	9	300	90	12.6
3	26	12	6	6	2	8	200	84	16.2
3	27	12	20	22	2	2	100	NA	20.1
3	28	12	124	158	34	76	1100	49	17
3	29	12	26	39	3	33	400	67	20
3	30	12	19	26	4	17	400	84	18.8
3	31	12	281	297	43	87	2300	58	17.8
4	1	12	NA	56	2	10	200	74	18.9
4	2	12	26	26	2	8	200	87	17.2
4	3	12	4	5	2	15	200	77	17.1
4	4	12	89	89	12	49	600	82	18.5
4	5	12	141	160	27	34	1700	134	20.2
4	6	12	NA	NA	41	76	2400	38	15.6
4	7	12	NA	14	2	14	200	82	22.2
4	8	12	3	30	2	16	200	87	22.2
4	9	12	85	174	2	NA	100	2	24.4
4	10	12	62	207	2	NA	100	2	17.5
4	11	12	39	60	4	18	400	91	11.8
4	12	12	98	98	6	27	700	60	10.9
4	13	12	343	343	17	96	2000	61	18.4
4	14	12	3	10	2	9	100	100	20.4
4	15	12	51	73	24	54	1100	57	17.4
4	16	12	63	63	2	11	200	66	17.3
4	17	12	11	20	2	12	300	85	17
4	18	12	5	12	2	8	200	88	17.4
4	19	12	NA	102	NA	NA	NA	NA	13.8
4	20	12	44	44	7	14	400	105	22.4
4	21	12	188	188	21	81	1700	105	24.8
4	22	12	32	151	2	15	200	99	21.6
4	23	12	3	15	2	7	200	89	19.6
4	24	12	77	132	23	49	900	64	20.7
4	25	12	145	151	17	39	1200	115	24.1
4	26	12	81	122	28	43	1600	96	19.9
4	27	12	NA	NA	NA	NA	NA	NA	15
4	28	12	73	101	17	30	1400	142	23.6
4	29	12	151	167	23	38	1800	111	20.5
4	30	12	175	175	8	23	1100	211	27.1
5	1	12	NA	NA	NA	NA	NA	NA	25.4
5	2	12	NA	NA	NA	NA	NA	NA	12.2
5	3	12	NA	5	2	8	100	94	23.4
5	4	12	NA	NA	2	21	100	91	26.6
5	5	12	40	55	18	51	1100	81	22.5
5	6	12	10	43	2	10	200	81	22
5	7	12	14	17	2	11	200	98	23.9
5	8	12	97	122	28	61	1100	85	24.7
5	9	12	39	78	4	29	500	89	22.6
5	10	12	15	21	2	18	300	108	25.6
5	11	12	134	134	4	23	900	158	24.2
5	12	12	19	22	2	17	300	62	16
5	13	12	49	49	2	53	500	67	23.3
5	14	12	39	39	2	44	600	58	13
5	15	12	3	23	2	11	100	80	22.6
5	16	12	23	46	3	57	400	56	28.2
5	17	12	88	106	12	56	700	123	27.9
5	18	12	61	74	6	27	600	183	28
5	19	12	97	97	15	34	700	239	27.7
5	20	12	93	93	32	39	1500	175	26.2
5	21	12	58	64	2	NA	100	2	26.6
5	22	12	36	72	NA	NA	NA	NA	27.2
5	23	12	72	97	NA	NA	NA	NA	24.3
5	24	12	15	15	2	17	300	97	26.9
5	25	12	13	20	2	21	300	93	23.5
5	26	12	8	8	2	10	100	103	26.7
5	27	12	73	77	13	62	500	144	29.3
5	28	12	42	42	8	24	400	176	28.3
5	29	12	11	11	2	12	100	96	26.2
5	30	12	90	124	11	39	1200	193	28.3
5	31	12	33	81	14	29	1000	62	25.1
6	1	12	21	21	6	9	400	101	26.6
6	2	12	66	66	12	54	800	167	30.3
6	3	12	80	94	22	51	1000	185	28.1
6	4	12	95	95	12	31	900	195	30
6	5	12	78	78	9	32	1200	149	27
6	6	12	81	81	3	22	900	147	26.8
6	7	12	52	107	2	20	600	95	24.2
6	8	12	119	119	2	21	1000	165	27.2
6	9	12	156	156	2	6	100	NA	31.3
6	10	12	117	117	2	15	800	169	27.2
6	11	12	3	5	2	9	100	108	28.2
6	12	12	91	91	12	23	1200	179	27.1
6	13	12	32	32	2	21	500	78	19.9
6	14	12	22	25	2	12	500	101	21.1
6	15	12	11	13	2	9	300	121	27.4
6	16	12	19	19	3	41	400	99	31.8
6	17	12	19	19	2	11	300	100	28.9
6	18	12	39	53	3	47	500	155	30.6
6	19	12	65	65	2	17	600	228	31.7
6	20	12	77	77	2	24	700	236	30.7
6	21	12	142	142	2	19	1000	199	31.5
6	22	12	60	73	2	20	600	153	29.4
6	23	12	169	169	9	2	NA	2	27.4
6	24	12	8	8	2	13	3500	97	31.5
6	25	12	13	31	2	30	500	131	34
6	26	12	61	88	7	41	800	188	32.8
6	27	12	73	95	NA	18	1300	59	28.8
6	28	12	41	41	3	NA	100	2	21.6
6	29	12	102	102	2	19	700	128	26.7
6	30	12	59	59	2	20	500	156	29.6
7	1	12	4	5	2	12	200	99	30
7	2	12	60	60	2	21	700	125	30.8
7	3	12	60	60	4	19	700	128	31.7
7	4	12	116	116	3	26	1900	125	29.9
7	5	12	33	33	5	17	600	NA	29.8
7	6	12	98	100	4	27	900	231	31.2
7	7	12	123	123	5	29	2000	200	30.5
7	8	12	91	100	2	21	1500	114	29.4
7	9	12	85	85	2	15	800	161	32.1
7	10	12	128	128	2	24	800	224	33.5
7	11	12	101	101	2	22	600	168	33.7
7	12	12	NA	NA	2	28	400	48	24.9
7	13	12	14	14	3	11	300	130	33.1
7	14	12	26	30	3	31	700	138	31.7
7	15	12	28	28	2	16	600	91	22
7	16	12	29	34	2	17	500	65	24.8
7	17	12	78	78	2	18	900	136	28
7	18	12	NA	NA	NA	NA	NA	NA	28.7
7	19	12	77	77	4	21	800	76	24.4
7	20	12	18	18	2	6	400	61	21.9
7	21	12	9	12	2	11	500	43	24.8
7	22	12	66	66	2	13	800	139	28.9
7	23	12	109	109	2	14	1000	166	31.3
7	24	12	57	72	2	10	700	147	31
7	25	12	27	27	2	23	600	68	28.2
7	26	12	5	5	2	8	300	113	31.1
7	27	12	48	65	2	18	600	188	32.2
7	28	12	26	31	2	26	400	153	30.9
7	29	12	88	92	2	20	1100	140	30.4
7	30	12	178	178	2	22	2300	112	29
7	31	12	39	39	2	19	800	109	27
8	1	12	43	52	2	14	800	91	30.4
8	2	12	16	16	2	9	400	117	32
8	3	12	26	26	2	19	600	144	33.1
8	4	12	NA	52	2	32	1600	181	31.7
8	5	12	51	51	2	19	600	107	31.1
8	6	12	113	113	2	26	900	161	30.8
8	7	12	12	12	2	9	400	90	30.1
8	8	12	11	15	4	13	400	110	31.3
8	9	12	33	43	13	23	1100	167	30.9
8	10	12	73	73	3	16	800	153	32.3
8	11	12	104	111	2	37	1000	135	32.8
8	12	12	66	66	2	31	800	53	25.7
8	13	12	24	38	2	24	500	20	27
8	14	12	7	17	2	11	300	99	32.6
8	15	12	14	14	2	22	400	70	25
8	16	12	16	33	2	15	400	123	29.5
8	17	12	65	87	2	47	800	34	26.5
8	18	12	58	58	2	7	1700	57	22.4
8	19	12	9	15	2	11	400	98	30.7
8	20	12	24	24	2	14	500	125	30
8	21	12	45	73	2	17	700	199	31.6
8	22	12	34	36	2	32	800	143	31.9
8	23	12	72	92	3	31	900	137	29.4
8	24	12	70	70	2	25	800	154	30.5
8	25	12	3	17	2	11	200	61	27
8	26	12	14	14	2	13	200	80	27.8
8	27	12	8	16	2	29	200	79	29.2
8	28	12	11	20	2	23	200	74	29.8
8	29	12	18	36	12	25	400	104	29.5
8	30	12	30	62	4	44	600	136	28.9
8	31	12	3	6	2	25	200	95	31.5
9	1	12	NA	NA	4	14	200	66	24.6
9	2	12	4	7	6	6	NA	2	27
9	3	12	8	25	2	18	200	56	28.4
9	4	12	NA	NA	NA	NA	NA	NA	27.5
9	5	12	29	34	NA	7	NA	2	28.5
9	6	12	11	43	4	25	300	NA	29.3
9	7	12	43	59	8	28	600	NA	27.1
9	8	12	21	21	6	32	500	NA	28.4
9	9	12	10	18	2	18	300	NA	28.7
9	10	12	3	6	2	16	200	NA	28.4
9	11	12	20	20	2	15	600	NA	24.6
9	12	12	21	21	2	18	600	NA	25.6
9	13	12	143	143	5	45	1700	NA	24.5
9	14	12	161	161	4	42	1200	NA	25.275
9	15	12	61	61	2	17	700	NA	28.3
9	16	12	NA	NA	NA	NA	NA	NA	27.4
9	17	12	35	48	2	36	800	NA	22.1
9	18	12	24	25	3	15	500	NA	21.1
9	19	12	7	7	2	10	200	NA	22.9
9	20	12	12	18	2	19	200	NA	24.3
9	21	12	49	60	7	36	800	NA	18.8
9	22	12	72	78	9	32	800	NA	20.275
9	23	12	162	162	5	32	1000	NA	22.725
9	24	12	75	92	7	26	800	NA	24.55
9	25	12	NA	NA	NA	NA	NA	NA	23.075
9	26	12	45	45	3	38	800	43	18.7
9	27	12	9	18	3	8	400	56	19.425
9	28	12	12	12	2	6	200	58	17.9
9	29	12	52	55	11	53	400	42	19.2
9	30	12	85	85	13	29	500	118	21.2
10	1	12	215	215	NA	2	100	2	22
10	2	12	172	172	6	37	1100	90	21
10	3	12	151	151	5	20	900	125	26.3
10	4	12	41	64	13	44	1500	15	16.6
10	5	12	69	69	5	34	1300	23	18.3
10	6	12	61	61	11	42	1900	7	15.9
10	7	12	60	60	3	44	1700	7	12.9
10	8	12	24	24	3	10	300	60	15.3
10	9	12	3	38	11	49	600	21	13.7
10	10	12	90	116	26	64	1100	33	15.8
10	11	12	141	148	29	62	2000	61	18.3
10	12	12	80	104	31	61	1800	28	15.9
10	13	12	137	144	28	60	1300	88	19.3
10	14	12	299	299	10	95	1700	32	18.8
10	15	12	131	131	9	74	1200	8	16.4
10	16	12	131	131	7	54	1100	43	17
10	17	12	24	24	2	20	300	59	19.9
10	18	12	92	156	29	67	2700	13	16.5
10	19	12	258	258	14	102	2200	25	19.5
10	20	12	47	87	19	55	1300	19	15.1
10	21	12	44	52	2	27	600	40	11.1
10	22	12	6	6	2	7	300	49	14
10	23	12	16	16	5	16	400	51	13
10	24	12	68	127	4	64	1000	4	10.5
10	25	12	59	87	9	55	900	23	15
10	26	12	3	6	2	8	100	75	15.7
10	27	12	NA	NA	NA	NA	NA	NA	9.9
10	28	12	4	17	2	7	200	67	12.2
10	29	12	16	41	3	53	500	26	10.6
10	30	12	NA	NA	NA	NA	NA	NA	8.3
10	31	12	3	6	2	5	200	61	4.2
11	1	12	14	28	6	50	500	28	5.2
11	2	12	62	121	NA	83	1100	27	8.2
11	3	12	231	286	41	133	2600	16	10
11	4	12	264	264	8	132	3500	14	10.4
11	5	12	165	191	12	61	2000	43	12
11	6	12	45	45	18	33	800	51	9
11	7	12	32	32	5	12	400	60	11.5
11	8	12	21	21	13	66	700	30	10
11	9	12	136	178	47	80	2700	13	5.7
11	10	12	133	149	18	60	1300	9	7.7
11	11	12	71	71	9	43	900	18	7.2
11	12	12	40	77	15	34	700	38	11.4
11	13	12	66	111	35	64	2000	8	8.4
11	14	12	7	32	NA	9	200	72	12.1
11	15	12	38	38	18	34	1000	43	8.2
11	16	12	73	89	23	40	1100	36	9.6
11	17	12	113	151	61	84	3000	7	7
11	18	12	183	310	48	84	2900	5	7.5
11	19	12	33	33	14	8	400	67	12.2
11	20	12	56	82	27	53	1600	6	2.6
11	21	12	6	6	5	5	300	71	-0.5
11	22	12	6	8	2	4	300	69	-2.1
11	23	12	18	26	11	24	500	47	0.3
11	24	12	24	42	17	54	900	32	2.4
11	25	12	81	91	26	55	1300	26	2.6
11	26	12	239	317	48	104	2800	18	6.8
11	27	12	7	7	2	5	200	77	5.8
11	28	12	37	41	18	40	800	40	4.8
11	29	12	140	173	67	78	3300	12	4.2
11	30	12	152	182	42	100	3100	15	7.1
12	1	12	14	14	5	14	300	69	7.5
12	2	12	44	52	21	36	800	43	6.7
12	3	12	93	118	39	71	1800	16	5.6
12	4	12	182	182	33	76	2300	15	6
12	5	12	3	10	2	7	200	68	5
12	6	12	58	73	27	62	1700	25	3.2
12	7	12	132	169	42	77	2300	19	5.5
12	8	12	150	150	13	29	800	61	8
12	9	12	6	6	3	5	300	71	3.4
12	10	12	18	18	4	15	500	58	3.3
12	11	12	89	133	39	80	2500	13	1.5
12	12	12	196	196	46	61	1900	21	4.6
12	13	12	6	6	6	7	200	71	3.5
12	14	12	8	8	6	11	300	67	0.1
12	15	12	9	13	2	5	200	75	3.4
12	16	12	38	53	20	51	1100	34	2.6
12	17	12	113	147	42	83	2400	16	4.1
12	18	12	135	135	39	49	1800	30	4.3
12	19	12	71	71	35	33	1100	40	5.2
12	20	12	244	244	4	109	6400	10	-0.8
12	21	12	392	392	13	138	7800	10	1.4
12	22	12	10	10	2	7	200	61	4.4
12	23	12	NA	NA	NA	NA	NA	NA	0.5
12	24	12	121	149	39	86	2900	11	-0.1
12	25	12	115	124	25	73	2500	5	-0.2
12	26	12	7	7	4	12	400	74	2.7
12	27	12	19	23	5	19	700	61	0.5
12	28	12	68	68	17	36	1300	52	1
12	29	12	25	16	6	41	600	21	0.3
12	30	12	108	183	14	105	1700	8	-1.9
12	31	12	101	101	34	52	1700	20	0
1	1	12	448	470	12	143	6200	8	-1.4
1	2	12	25	25	11	19	800	67	6.9
1	3	12	144	144	39	92	3100	28	4.3
1	4	12	313	313	39	140	NA	13	4.3
1	5	12	311	311	31	116	7300	16	1.2
1	6	12	170	170	45	76	3800	13	2.5
1	7	12	136	136	23	54	2500	10	1
1	8	12	27	27	17	16	500	62	5
1	9	12	12	12	8	14	400	73	1.725
1	10	12	6	6	7	12	400	66	1.025
1	11	12	51	66	25	65	1700	24	2.3
1	12	12	38	38	22	29	700	67	4.1
1	13	12	18	18	9	17	300	83	0.475
1	14	12	7	5	5	11	400	76	-0.04
1	15	12	59	59	35	46	1300	33	-1.925
1	16	12	100	98	53	65	1500	20	-1.675
1	17	12	136	136	55	69	2400	16	0.033333333
1	18	12	12	12	4	7	400	63	-1.3
1	19	12	3	5	2	6	300	73	-1.34
1	20	12	11	11	6	9	600	68	-4.375
1	21	12	4	76	2	5	300	77	-1.1
1	22	12	7	8	6	4	400	70	-3.74
1	23	12	12	13	11	13	500	63	-3.2
1	24	12	23	23	11	14	600	69	-0.9
1	25	12	123	133	38	53	2500	34	-0.86
1	26	12	292	292	49	78	4000	71	-1.25
1	27	12	26	34	13	29	800	61	2.3
1	28	12	220	243	76	57	2800	19	0.15
1	29	12	8	18	2	4	300	69	-2.56
1	30	12	4	5	4	4	500	73	-2.6
1	31	12	82	82	26	26	1400	70	1.5
2	1	12	4	6	5	4	300	81	0.6
2	2	12	28	30	14	15	700	64	1.8
2	3	12	79	82	25	32	1300	51	3.1
2	4	12	266	266	53	51	2800	70	5.2
2	5	12	7	7	2	7	300	90	7
2	6	12	3	6	2	3	200	90	3.4
2	7	12	93	98	32	67	2100	11	0.2
2	8	12	8	8	2	4	200	82	2.1
2	9	12	5	5	2	3	100	83	0.6
2	10	12	6	6	4	7	300	87	1.5
2	11	12	5	6	5	6	300	84	5.3
2	12	12	31	37	19	17	600	66	5.4
2	13	12	19	19	6	11	500	75	9.6
2	14	12	216	216	62	85	3400	20	1.7
2	15	12	229	229	53	61	2000	51	5.1
2	16	12	11	110	6	6	300	79	6.2
2	17	12	4	5	4	7	300	86	3.1
2	18	12	98	119	30	65	1000	45	6.5
2	19	12	123	136	38	46	1200	82	10
2	20	12	5	5	2	4	200	89	1.5
2	21	12	127	158	51	92	2600	8	0.8
2	22	12	131	131	25	73	1600	41	1.5
2	23	12	10	10	3	12	300	83	5.7
2	24	12	12	16	6	17	400	74	8.3
2	25	12	10	12	5	14	400	85	10.9
2	26	12	11	11	4	9	300	92	10.5
2	27	12	104	104	36	72	1700	52	11
2	28	12	9	9	3	11	300	90	13.9
